monday,tuesday,wednesday,thursday,friday,saturday,sunday,start_date,end_date,service_id
0,0,0,0,0,0,1,20240328,20241214,803
0,0,0,0,0,0,1,20240328,20241214,804
0,0,0,0,0,0,1,20240328,20241214,819
0,0,0,0,0,0,1,20240401,20241214,702
0,0,0,0,0,0,1,20240401,20241214,703IND
0,0,0,0,0,0,1,20240412,20241214,701
0,0,0,0,0,1,1,20231210,20241214,6510
0,0,0,0,0,1,1,20231210,20241214,703IND_
0,0,0,0,0,1,1,20231210,20241214,873
0,0,0,0,0,1,1,20240501,20241214,6124
0,0,0,0,0,1,1,20240501,20241214,6129
0,0,0,0,0,1,1,20240501,20241214,6132
0,0,0,0,0,1,1,20240501,20241214,6137
0,0,0,0,0,1,1,20240501,20241214,6148
0,0,0,0,0,1,1,20240501,20241214,6153
0,0,0,0,0,1,1,20240501,20241214,6331
0,0,0,0,0,1,1,20240501,20241214,6332
0,0,0,0,0,1,1,20240501,20241214,6339
0,0,0,0,0,1,1,20240501,20241214,6340
0,0,0,0,0,1,1,20240501,20241214,6345
0,0,0,0,0,1,1,20240501,20241214,6351
0,1,1,1,0,0,1,20240402,20241214,704KR
0,1,1,1,0,0,1,20240402,20241214,704KRKL
0,1,1,1,0,0,1,20240402,20241214,704KRSTĀVVIET
1,0,0,0,0,0,0,20231210,20240531,809
1,0,0,0,0,0,0,20231210,20241214,721
1,0,0,0,0,0,0,20231210,20241214,722
1,0,0,0,0,0,0,20231210,20241214,868
1,0,0,0,0,0,0,20240328,20241214,811
1,0,0,0,0,0,0,20240328,20241214,812
1,0,1,1,1,0,0,20240403,20241214,703KR
1,0,1,1,1,0,0,20240403,20241214,703KRKL
1,0,1,1,1,0,0,20240403,20241214,703KRSTĀVVIET
1,1,1,1,0,0,1,20231210,20241214,704KR_
1,1,1,1,1,0,0,20231210,20240430,6154
1,1,1,1,1,0,0,20231210,20240430,6158
1,1,1,1,1,0,0,20231210,20240430,6161
1,1,1,1,1,0,0,20231210,20240430,6167
1,1,1,1,1,0,0,20231210,20240430,6343
1,1,1,1,1,0,0,20231210,20240430,6344
1,1,1,1,1,0,0,20231210,20240628,6115
1,1,1,1,1,0,0,20231210,20241214,6104
1,1,1,1,1,0,0,20231210,20241214,6111
1,1,1,1,1,0,0,20231210,20241214,6112
1,1,1,1,1,0,0,20231210,20241214,6207
1,1,1,1,1,0,0,20231210,20241214,6258
1,1,1,1,1,0,0,20231210,20241214,6263
1,1,1,1,1,0,0,20231210,20241214,6303
1,1,1,1,1,0,0,20231210,20241214,6304
1,1,1,1,1,0,0,20231210,20241214,6305
1,1,1,1,1,0,0,20231210,20241214,6306
1,1,1,1,1,0,0,20231210,20241214,6401
1,1,1,1,1,0,0,20231210,20241214,6402
1,1,1,1,1,0,0,20231210,20241214,6512
1,1,1,1,1,0,0,20231210,20241214,6517
1,1,1,1,1,0,0,20231210,20241214,6521
1,1,1,1,1,0,0,20231210,20241214,6530
1,1,1,1,1,0,0,20231210,20241214,6534
1,1,1,1,1,0,0,20231210,20241214,6871
1,1,1,1,1,0,0,20231210,20241214,6872
1,1,1,1,1,0,0,20231210,20241214,6875
1,1,1,1,1,0,0,20231210,20241214,6876
1,1,1,1,1,0,0,20231210,20241214,6877
1,1,1,1,1,0,0,20231210,20241214,6878
1,1,1,1,1,0,0,20231210,20241214,6879
1,1,1,1,1,0,0,20231210,20241214,6880
1,1,1,1,1,0,0,20231210,20241214,6881
1,1,1,1,1,0,0,20231210,20241214,6882
1,1,1,1,1,0,0,20231210,20241214,703KR_
1,1,1,1,1,0,0,20231210,20241214,821
1,1,1,1,1,0,0,20231210,20241214,843
1,1,1,1,1,0,0,20231210,20241214,846
1,1,1,1,1,0,0,20231210,20241214,847
1,1,1,1,1,0,0,20231210,20241214,863
1,1,1,1,1,0,0,20231210,20241214,864
1,1,1,1,1,0,0,20231210,20241214,871
1,1,1,1,1,0,0,20240115,20241214,832
1,1,1,1,1,0,0,20240501,20241214,6210
1,1,1,1,1,0,0,20240501,20241214,6215
1,1,1,1,1,0,0,20240501,20241214,6309
1,1,1,1,1,0,0,20240501,20241214,6310
1,1,1,1,1,0,0,20240501,20241214,6346
1,1,1,1,1,0,1,20231210,20241214,822
1,1,1,1,1,1,1,20231210,20241214,6101
1,1,1,1,1,1,1,20231210,20241214,6102
1,1,1,1,1,1,1,20231210,20241214,6105
1,1,1,1,1,1,1,20231210,20241214,6106
1,1,1,1,1,1,1,20231210,20241214,6107
1,1,1,1,1,1,1,20231210,20241214,6109
1,1,1,1,1,1,1,20231210,20241214,6110
1,1,1,1,1,1,1,20231210,20241214,6113
1,1,1,1,1,1,1,20231210,20241214,6114
1,1,1,1,1,1,1,20231210,20241214,6118
1,1,1,1,1,1,1,20231210,20241214,6119
1,1,1,1,1,1,1,20231210,20241214,6122
1,1,1,1,1,1,1,20231210,20241214,6123
1,1,1,1,1,1,1,20231210,20241214,6126
1,1,1,1,1,1,1,20231210,20241214,6127
1,1,1,1,1,1,1,20231210,20241214,6130
1,1,1,1,1,1,1,20231210,20241214,6131
1,1,1,1,1,1,1,20231210,20241214,6134
1,1,1,1,1,1,1,20231210,20241214,6135
1,1,1,1,1,1,1,20231210,20241214,6138
1,1,1,1,1,1,1,20231210,20241214,6139
1,1,1,1,1,1,1,20231210,20241214,6142
1,1,1,1,1,1,1,20231210,20241214,6143
1,1,1,1,1,1,1,20231210,20241214,6146
1,1,1,1,1,1,1,20231210,20241214,6147
1,1,1,1,1,1,1,20231210,20241214,6151
1,1,1,1,1,1,1,20231210,20241214,6152
1,1,1,1,1,1,1,20231210,20241214,6155
1,1,1,1,1,1,1,20231210,20241214,6156
1,1,1,1,1,1,1,20231210,20241214,6159
1,1,1,1,1,1,1,20231210,20241214,6160
1,1,1,1,1,1,1,20231210,20241214,6163
1,1,1,1,1,1,1,20231210,20241214,6164
1,1,1,1,1,1,1,20231210,20241214,6168
1,1,1,1,1,1,1,20231210,20241214,6169
1,1,1,1,1,1,1,20231210,20241214,6170
1,1,1,1,1,1,1,20231210,20241214,6172
1,1,1,1,1,1,1,20231210,20241214,6173
1,1,1,1,1,1,1,20231210,20241214,6201
1,1,1,1,1,1,1,20231210,20241214,6202
1,1,1,1,1,1,1,20231210,20241214,6203
1,1,1,1,1,1,1,20231210,20241214,6204
1,1,1,1,1,1,1,20231210,20241214,6205
1,1,1,1,1,1,1,20231210,20241214,6208
1,1,1,1,1,1,1,20231210,20241214,6209
1,1,1,1,1,1,1,20231210,20241214,6212
1,1,1,1,1,1,1,20231210,20241214,6213
1,1,1,1,1,1,1,20231210,20241214,6216
1,1,1,1,1,1,1,20231210,20241214,6217
1,1,1,1,1,1,1,20231210,20241214,6218
1,1,1,1,1,1,1,20231210,20241214,6220
1,1,1,1,1,1,1,20231210,20241214,6221
1,1,1,1,1,1,1,20231210,20241214,6222
1,1,1,1,1,1,1,20231210,20241214,6223
1,1,1,1,1,1,1,20231210,20241214,6225
1,1,1,1,1,1,1,20231210,20241214,6227
1,1,1,1,1,1,1,20231210,20241214,6229
1,1,1,1,1,1,1,20231210,20241214,6231
1,1,1,1,1,1,1,20231210,20241214,6236
1,1,1,1,1,1,1,20231210,20241214,6246
1,1,1,1,1,1,1,20231210,20241214,6248
1,1,1,1,1,1,1,20231210,20241214,6250
1,1,1,1,1,1,1,20231210,20241214,6253
1,1,1,1,1,1,1,20231210,20241214,6254
1,1,1,1,1,1,1,20231210,20241214,6255
1,1,1,1,1,1,1,20231210,20241214,6257
1,1,1,1,1,1,1,20231210,20241214,6260
1,1,1,1,1,1,1,20231210,20241214,6261
1,1,1,1,1,1,1,20231210,20241214,6262
1,1,1,1,1,1,1,20231210,20241214,6265
1,1,1,1,1,1,1,20231210,20241214,6268
1,1,1,1,1,1,1,20231210,20241214,6269
1,1,1,1,1,1,1,20231210,20241214,6270
1,1,1,1,1,1,1,20231210,20241214,6273
1,1,1,1,1,1,1,20231210,20241214,6274
1,1,1,1,1,1,1,20231210,20241214,6277
1,1,1,1,1,1,1,20231210,20241214,6278
1,1,1,1,1,1,1,20231210,20241214,6280
1,1,1,1,1,1,1,20231210,20241214,6281
1,1,1,1,1,1,1,20231210,20241214,6282
1,1,1,1,1,1,1,20231210,20241214,6283
1,1,1,1,1,1,1,20231210,20241214,6285
1,1,1,1,1,1,1,20231210,20241214,6287
1,1,1,1,1,1,1,20231210,20241214,6288
1,1,1,1,1,1,1,20231210,20241214,6290
1,1,1,1,1,1,1,20231210,20241214,6291
1,1,1,1,1,1,1,20231210,20241214,6292
1,1,1,1,1,1,1,20231210,20241214,6403
1,1,1,1,1,1,1,20231210,20241214,6404
1,1,1,1,1,1,1,20231210,20241214,6405
1,1,1,1,1,1,1,20231210,20241214,6406
1,1,1,1,1,1,1,20231210,20241214,6407
1,1,1,1,1,1,1,20231210,20241214,6408
1,1,1,1,1,1,1,20231210,20241214,6409
1,1,1,1,1,1,1,20231210,20241214,6410
1,1,1,1,1,1,1,20231210,20241214,6411
1,1,1,1,1,1,1,20231210,20241214,6412
1,1,1,1,1,1,1,20231210,20241214,6413
1,1,1,1,1,1,1,20231210,20241214,6414
1,1,1,1,1,1,1,20231210,20241214,6415
1,1,1,1,1,1,1,20231210,20241214,6416
1,1,1,1,1,1,1,20231210,20241214,6417
1,1,1,1,1,1,1,20231210,20241214,6418
1,1,1,1,1,1,1,20231210,20241214,6419
1,1,1,1,1,1,1,20231210,20241214,6420
1,1,1,1,1,1,1,20231210,20241214,6421
1,1,1,1,1,1,1,20231210,20241214,6422
1,1,1,1,1,1,1,20231210,20241214,6423
1,1,1,1,1,1,1,20231210,20241214,6424
1,1,1,1,1,1,1,20231210,20241214,6425
1,1,1,1,1,1,1,20231210,20241214,6426
1,1,1,1,1,1,1,20231210,20241214,6427
1,1,1,1,1,1,1,20231210,20241214,6428
1,1,1,1,1,1,1,20231210,20241214,6429
1,1,1,1,1,1,1,20231210,20241214,6430
1,1,1,1,1,1,1,20231210,20241214,6432
1,1,1,1,1,1,1,20231210,20241214,6433
1,1,1,1,1,1,1,20231210,20241214,6434
1,1,1,1,1,1,1,20231210,20241214,6435
1,1,1,1,1,1,1,20231210,20241214,6436
1,1,1,1,1,1,1,20231210,20241214,6438
1,1,1,1,1,1,1,20231210,20241214,6439
1,1,1,1,1,1,1,20231210,20241214,6440
1,1,1,1,1,1,1,20231210,20241214,6441
1,1,1,1,1,1,1,20231210,20241214,6442
1,1,1,1,1,1,1,20231210,20241214,6501
1,1,1,1,1,1,1,20231210,20241214,6502
1,1,1,1,1,1,1,20231210,20241214,6503
1,1,1,1,1,1,1,20231210,20241214,6504
1,1,1,1,1,1,1,20231210,20241214,6505
1,1,1,1,1,1,1,20231210,20241214,6506
1,1,1,1,1,1,1,20231210,20241214,6507
1,1,1,1,1,1,1,20231210,20241214,6508
1,1,1,1,1,1,1,20231210,20241214,6509
1,1,1,1,1,1,1,20231210,20241214,6511
1,1,1,1,1,1,1,20231210,20241214,6513
1,1,1,1,1,1,1,20231210,20241214,6514
1,1,1,1,1,1,1,20231210,20241214,6515
1,1,1,1,1,1,1,20231210,20241214,6516
1,1,1,1,1,1,1,20231210,20241214,6518
1,1,1,1,1,1,1,20231210,20241214,6519
1,1,1,1,1,1,1,20231210,20241214,6520
1,1,1,1,1,1,1,20231210,20241214,6522
1,1,1,1,1,1,1,20231210,20241214,6523
1,1,1,1,1,1,1,20231210,20241214,6524
1,1,1,1,1,1,1,20231210,20241214,6525
1,1,1,1,1,1,1,20231210,20241214,6526
1,1,1,1,1,1,1,20231210,20241214,6527
1,1,1,1,1,1,1,20231210,20241214,6528
1,1,1,1,1,1,1,20231210,20241214,6529
1,1,1,1,1,1,1,20231210,20241214,6531
1,1,1,1,1,1,1,20231210,20241214,6532
1,1,1,1,1,1,1,20231210,20241214,6533
1,1,1,1,1,1,1,20231210,20241214,6535
1,1,1,1,1,1,1,20231210,20241214,6536
1,1,1,1,1,1,1,20231210,20241214,6538
1,1,1,1,1,1,1,20231210,20241214,6701
1,1,1,1,1,1,1,20231210,20241214,6702
1,1,1,1,1,1,1,20231210,20241214,6705
1,1,1,1,1,1,1,20231210,20241214,6706
1,1,1,1,1,1,1,20231210,20241214,6708
1,1,1,1,1,1,1,20231210,20241214,6710
1,1,1,1,1,1,1,20231210,20241214,6711
1,1,1,1,1,1,1,20231210,20241214,6716
1,1,1,1,1,1,1,20231210,20241214,6719
1,1,1,1,1,1,1,20231210,20241214,6724
1,1,1,1,1,1,1,20231210,20241214,6725
1,1,1,1,1,1,1,20231210,20241214,6729
1,1,1,1,1,1,1,20231210,20241214,6730
1,1,1,1,1,1,1,20231210,20241214,6733
1,1,1,1,1,1,1,20231210,20241214,6734
1,1,1,1,1,1,1,20231210,20241214,6737
1,1,1,1,1,1,1,20231210,20241214,6738
1,1,1,1,1,1,1,20231210,20241214,6741
1,1,1,1,1,1,1,20231210,20241214,6742
1,1,1,1,1,1,1,20231210,20241214,6745
1,1,1,1,1,1,1,20231210,20241214,6746
1,1,1,1,1,1,1,20231210,20241214,6749
1,1,1,1,1,1,1,20231210,20241214,6750
1,1,1,1,1,1,1,20231210,20241214,6753
1,1,1,1,1,1,1,20231210,20241214,6754
1,1,1,1,1,1,1,20231210,20241214,6758
1,1,1,1,1,1,1,20231210,20241214,6759
1,1,1,1,1,1,1,20231210,20241214,6764
1,1,1,1,1,1,1,20231210,20241214,6767
1,1,1,1,1,1,1,20231210,20241214,6772
1,1,1,1,1,1,1,20231210,20241214,6773
1,1,1,1,1,1,1,20231210,20241214,6778
1,1,1,1,1,1,1,20231210,20241214,6781
1,1,1,1,1,1,1,20231210,20241214,6785
1,1,1,1,1,1,1,20231210,20241214,6786
1,1,1,1,1,1,1,20231210,20241214,6789
1,1,1,1,1,1,1,20231210,20241214,6790
1,1,1,1,1,1,1,20231210,20241214,6791
1,1,1,1,1,1,1,20231210,20241214,6793
1,1,1,1,1,1,1,20231210,20241214,6794
1,1,1,1,1,1,1,20231210,20241214,6873
1,1,1,1,1,1,1,20231210,20241214,6874
1,1,1,1,1,1,1,20231210,20241214,723
1,1,1,1,1,1,1,20231210,20241214,724
1,1,1,1,1,1,1,20231210,20241214,801
1,1,1,1,1,1,1,20231210,20241214,802
1,1,1,1,1,1,1,20231210,20241214,805
1,1,1,1,1,1,1,20231210,20241214,806
1,1,1,1,1,1,1,20231210,20241214,807
1,1,1,1,1,1,1,20231210,20241214,813
1,1,1,1,1,1,1,20231210,20241214,814
1,1,1,1,1,1,1,20231210,20241214,815
1,1,1,1,1,1,1,20231210,20241214,816
1,1,1,1,1,1,1,20231210,20241214,817
1,1,1,1,1,1,1,20231210,20241214,818
1,1,1,1,1,1,1,20231210,20241214,823
1,1,1,1,1,1,1,20231210,20241214,824
1,1,1,1,1,1,1,20231210,20241214,831
1,1,1,1,1,1,1,20231210,20241214,833
1,1,1,1,1,1,1,20231210,20241214,834
1,1,1,1,1,1,1,20231210,20241214,836
1,1,1,1,1,1,1,20231210,20241214,837
1,1,1,1,1,1,1,20231210,20241214,838
1,1,1,1,1,1,1,20231210,20241214,839
1,1,1,1,1,1,1,20231210,20241214,840
1,1,1,1,1,1,1,20231210,20241214,841
1,1,1,1,1,1,1,20231210,20241214,842
1,1,1,1,1,1,1,20231210,20241214,844
1,1,1,1,1,1,1,20231210,20241214,845
1,1,1,1,1,1,1,20231210,20241214,848
1,1,1,1,1,1,1,20231210,20241214,861
1,1,1,1,1,1,1,20231210,20241214,862
1,1,1,1,1,1,1,20231210,20241214,865
1,1,1,1,1,1,1,20231210,20241214,866
1,1,1,1,1,1,1,20231210,20241214,874
1,1,1,1,1,1,1,20231210,20241214,875
1,1,1,1,1,1,1,20231210,20241214,876
1,1,1,1,1,1,1,20240115,20241214,835
1,1,1,1,1,1,1,20240201,20241214,6249
1,1,1,1,1,1,1,20240201,20241214,6252
1,1,1,1,1,1,1,20240201,20241214,6286
1,1,1,1,1,1,1,20240201,20241214,6431
1,1,1,1,1,1,1,20240201,20241214,6437
1,1,1,1,1,1,1,20240219,20241214,6247
1,1,1,1,1,1,1,20240329,20241214,6226
1,1,1,1,1,1,1,20240329,20241214,6228
1,1,1,1,1,1,1,20240329,20241214,6230
1,1,1,1,1,1,1,20240329,20241214,6234
1,1,1,1,1,1,1,20240329,20241214,6235
1,1,1,1,1,1,1,20240329,20241214,6237
1,1,1,1,1,1,1,20240329,20241214,6238
1,1,1,1,1,1,1,20240329,20241214,6240
1,1,1,1,1,1,1,20240329,20241214,6241
1,1,1,1,1,1,1,20240329,20241214,6242
1,1,1,1,1,1,1,20240329,20241214,6243
1,1,1,1,1,1,1,20240329,20241214,6245
1,1,1,1,1,1,1,20240329,20241214,808
1,1,1,1,1,1,1,20240501,20241214,6150
1,1,1,1,1,1,1,20240501,20241214,6157
1,1,1,1,1,1,1,20240501,20241214,6162
1,1,1,1,1,1,1,20240501,20241214,6165
1,1,1,1,1,1,1,20240501,20241214,6337
1,1,1,1,1,1,1,20240501,20241214,6338
1,1,1,1,1,1,1,20240501,20241214,6341
1,1,1,1,1,1,1,20240501,20241214,6342
1,1,1,1,1,1,1,20240501,20241214,6347
1,1,1,1,1,1,1,20240501,20241214,6348
1,1,1,1,1,1,1,20240501,20241214,6443
1,1,1,1,1,1,1,20240501,20241214,6444
