route_id,service_id,trip_headsign,trip_id
1203,6202,Rīga,71879
1203,6208,Rīga,71898
1203,6216,Rīga,71908
1203,6220,Rīga,71918
1203,6226,Rīga,72642
1203,6230,Rīga,72649
1203,6234,Rīga,72652
1203,6242,Rīga,72663
1203,6250,Rīga,71943
1203,6254,Rīga,72100
1203,6262,Rīga,72109
1203,6270,Rīga,72116
1203,6282,Rīga,72123
1203,6286,Rīga,72595
1203,6292,Rīga,72132
1230,6112,Rīga,71995
1230,6124,Rīga,72001
1230,6132,Rīga,72007
1230,6162,Rīga,72583
1243,802,Rīga,71776
1243,808,Rīga,72681
1243,818,Rīga,71780
1243,824,Rīga,71782
1252,6303,Rīga,72089
1252,6305,Rīga,72091
1252,6309,Rīga,72095
1252,6331,Rīga,72156
1252,6337,Rīga,72604
1252,6339,Rīga,72178
1252,6341,Rīga,72605
1252,6343,Rīga,72188
1252,6343,Rīga,73048
1252,6345,Rīga,72191
1252,6347,Rīga,72562
1252,6351,Rīga,72211
1269,704KR,Rīga,72776
1269,704KR,Rīga,72779
1269,704KR,Rīga,73004
1269,704KR,Rīga,73010
1269,704KRKL,Rīga,72935
1269,704KRKL,Rīga,73005
1269,704KRSTĀVVIET,Rīga,72781
1269,704KRSTĀVVIET,Rīga,73006
1269,704KR_,Rīga,71965
1273,814,Rīga,71826
1286,6527,Rīga,72222
1286,6531,Rīga,72229
1291,804,Rīga,72702
1291,812,Rīga,72704
1291,812,Rīga,72707
1291,822,Rīga,71849
1291,822,Rīga,72710
1298,6204,Rīga,71885
1298,6212,Rīga,71902
1298,6218,Rīga,71913
1298,6222,Rīga,71920
1298,6228,Rīga,72645
1298,6238,Rīga,72655
1298,6246,Rīga,71941
1298,6252,Rīga,72591
1298,6260,Rīga,72107
1298,6268,Rīga,72115
1298,6274,Rīga,72118
1298,6278,Rīga,72120
1298,6288,Rīga,72126
1298,6290,Rīga,72129
1300,721,Rīga,71878
1300,721,Rīga,71881
1300,723,Rīga,71887
1306,6148,Rīga,73050
1313,704IND,Rīga,72770
1313,704IND,Rīga,72806
1313,704IND,Rīga,73019
1313,704IND,Rīga,73025
1313,704INDKL,Rīga,72937
1313,704INDKL,Rīga,73020
1313,704INDSTĀVVIET,Rīga,72772
1313,704INDSTĀVVIET,Rīga,73021
1313,704IND_,Rīga,71975
1313,704IND_,Rīga,73042
1315,822,Rīga,71851
1339,6210,Rīga,71899
1339,6236,Rīga,71936
1339,6240,Rīga,72658
1339,6248,Rīga,71942
1339,6258,Rīga,72105
1339,6280,Rīga,72121
1349,6701,Rīga,71682
1349,6705,Rīga,71685
1349,6711,Rīga,71732
1349,6719,Rīga,71687
1349,6725,Rīga,71720
1349,6729,Rīga,71721
1349,6733,Rīga,71722
1349,6737,Rīga,71726
1349,6741,Rīga,71727
1349,6745,Rīga,71729
1349,6749,Rīga,71734
1349,6753,Rīga,71736
1349,6759,Rīga,71741
1349,6767,Rīga,71745
1349,6773,Rīga,71750
1349,6781,Rīga,71751
1349,6785,Rīga,71753
1349,6789,Rīga,71754
1349,6791,Rīga,71755
1349,6793,Rīga,71756
1349,6871,Rīga,71684
1349,6873,Rīga,71686
1349,6875,Rīga,71718
1349,6877,Rīga,71738
1349,6879,Rīga,71743
1349,6881,Rīga,71746
1372,702,Rīga,72737
1372,702,Rīga,72742
1372,702,Rīga,72746
1372,702,Rīga,72985
1372,702,Rīga,72992
1372,702,Rīga,72995
1372,702,Rīga,73102
1372,702,Rīga,73106
1394,6401,Rīga,72085
1394,6403,Rīga,72087
1394,6405,Rīga,72090
1394,6407,Rīga,72094
1394,6409,Rīga,72096
1394,6411,Rīga,72098
1394,6413,Rīga,72111
1394,6415,Rīga,72128
1394,6417,Rīga,72131
1394,6419,Rīga,72140
1394,6421,Rīga,72146
1394,6423,Rīga,72150
1394,6425,Rīga,72157
1394,6427,Rīga,72173
1394,6429,Rīga,72180
1394,6431,Rīga,72606
1394,6433,Rīga,72186
1394,6435,Rīga,72192
1394,6437,Rīga,72609
1394,6439,Rīga,72205
1394,6441,Rīga,72213
1394,6443,Rīga,72563
1397,6501,Rīga,72084
1397,6503,Rīga,72088
1397,6505,Rīga,72092
1397,6507,Rīga,72106
1397,6509,Rīga,72137
1397,6511,Rīga,72154
1397,6513,Rīga,72159
1397,6515,Rīga,72176
1397,6517,Rīga,72183
1397,6519,Rīga,72189
1397,6521,Rīga,72202
1397,6523,Rīga,72210
1397,6525,Rīga,72215
1397,6529,Rīga,72227
1397,6533,Rīga,72233
1397,6535,Rīga,72235
1398,6104,Rīga,71991
1398,6118,Rīga,71998
1398,6126,Rīga,72002
1398,6134,Rīga,72008
1398,6142,Rīga,72012
1398,6150,Rīga,72582
1398,6154,Rīga,72018
1398,6154,Rīga,73044
1398,6158,Rīga,72020
1398,6158,Rīga,73046
1398,6172,Rīga,72029
1399,6102,Rīga,71990
1399,6106,Rīga,71992
1399,6110,Rīga,71994
1399,6114,Rīga,71996
1399,6122,Rīga,72000
1399,6130,Rīga,72004
1399,6138,Rīga,72010
1399,6146,Rīga,72014
1399,6152,Rīga,72017
1399,6156,Rīga,72019
1399,6160,Rīga,72021
1399,6164,Rīga,72024
1399,6168,Rīga,72026
1399,6170,Rīga,72027
1408,832,Rīga,72522
1408,834,Rīga,71698
1408,836,Rīga,71699
1408,838,Rīga,71701
1408,840,Rīga,71702
1408,842,Rīga,71703
1408,844,Rīga,71705
1408,846,Rīga,71711
1408,848,Rīga,71719
1432,862,Rīga,71697
1432,864,Rīga,71704
1432,866,Rīga,71710
1432,868,Rīga,71716
1432,868,Rīga,71717
1446,806,Rīga,71688
1446,816,Rīga,71690
1460,874,Rīga,71700
1460,876,Rīga,71706
2031,6203,Aizkraukle,72135
2031,6209,Aizkraukle,72141
2031,6217,Aizkraukle,72151
2031,6223,Aizkraukle,71604
2031,6227,Aizkraukle,72164
2031,6231,Aizkraukle,72166
2031,6237,Aizkraukle,72669
2031,6241,Aizkraukle,72672
2031,6245,Aizkraukle,72678
2031,6253,Aizkraukle,72190
2031,6265,Aizkraukle,72199
2031,6273,Aizkraukle,72209
2031,6281,Aizkraukle,72221
2031,6287,Aizkraukle,72228
2031,6291,Aizkraukle,72232
2301,6115,Carnikava,72402
2301,6129,Carnikava,72044
2301,6137,Carnikava,72064
2301,6165,Carnikava,72586
2431,801,Daugavpils,71804
2431,807,Daugavpils,71822
2431,817,Daugavpils,71802
2431,823,Daugavpils,71824
2521,6304,Dubulti,72253
2521,6306,Dubulti,72255
2521,6310,Dubulti,72259
2521,6332,Dubulti,72282
2521,6338,Dubulti,72610
2521,6340,Dubulti,72291
2521,6342,Dubulti,72611
2521,6344,Dubulti,72296
2521,6344,Dubulti,73049
2521,6346,Dubulti,72542
2521,6348,Dubulti,72303
2521,6530,Dubulti,72299
2521,6534,Dubulti,72308
2691,703KR,Krāslava,72824
2691,703KR,Krāslava,72833
2691,703KR,Krāslava,73007
2691,703KR,Krāslava,73016
2691,703KRKL,Krāslava,72930
2691,703KRKL,Krāslava,73008
2691,703KRSTĀVVIET,Krāslava,72826
2691,703KRSTĀVVIET,Krāslava,73009
2691,703KR_,Krāslava,71979
2731,813,Krustpils,71828
2861,6504,Ķemeri,72242
2861,6510,Ķemeri,72246
2911,803,Gulbene,72720
2911,811,Gulbene,72714
2911,811,Gulbene,72717
2911,819,Gulbene,71859
2911,819,Gulbene,72712
2981,6201,Lielvārde,72133
2981,6205,Lielvārde,72136
2981,6207,Lielvārde,72138
2981,6213,Lielvārde,72148
2981,6221,Lielvārde,72155
2981,6225,Lielvārde,72160
2981,6229,Lielvārde,72165
2981,6235,Lielvārde,72666
2981,6249,Lielvārde,72601
2981,6255,Lielvārde,72193
2981,6261,Lielvārde,72197
2981,6269,Lielvārde,72216
2981,6277,Lielvārde,72204
2981,6283,Lielvārde,72223
3001,722,Liepāja,71894
3001,722,Liepāja,71896
3001,724,Liepāja,71890
3061,6153,Lilaste,73051
3081,809,Līvāni,71811
3081,809,Līvāni,71817
3131,703IND,Indra,72827
3131,703IND,Indra,72830
3131,703IND,Indra,73022
3131,703IND,Indra,73028
3131,703INDKL,Indra,72962
3131,703INDKL,Indra,73023
3131,703INDSTĀVVIET,Indra,72829
3131,703INDSTĀVVIET,Indra,73024
3131,703IND_,Indra,71983
3131,703IND_,Indra,73043
3151,819,Madona,71862
3151,819,Madona,71866
3151,821,Madona,71855
3391,6215,Ogre,72149
3391,6243,Ogre,72675
3391,6247,Ogre,72179
3391,6257,Ogre,72195
3391,6263,Ogre,72198
3391,6285,Ogre,72225
3491,6702,Jelgava,71761
3491,6706,Jelgava,71763
3491,6708,Jelgava,71766
3491,6710,Jelgava,71767
3491,6716,Jelgava,71768
3491,6724,Jelgava,71770
3491,6730,Jelgava,71772
3491,6734,Jelgava,71773
3491,6738,Jelgava,71774
3491,6742,Jelgava,71775
3491,6746,Jelgava,71809
3491,6750,Jelgava,71810
3491,6754,Jelgava,71812
3491,6758,Jelgava,71813
3491,6764,Jelgava,71818
3491,6772,Jelgava,71835
3491,6778,Jelgava,71837
3491,6786,Jelgava,71838
3491,6790,Jelgava,71841
3491,6794,Jelgava,71844
3491,6872,Jelgava,71764
3491,6874,Jelgava,71769
3491,6876,Jelgava,71771
3491,6878,Jelgava,71816
3491,6880,Jelgava,71832
3491,6882,Jelgava,71836
3721,701,Rēzekne 2,72754
3721,701,Rēzekne 2,72758
3721,701,Rēzekne 2,72802
3721,701,Rēzekne 2,72988
3721,701,Rēzekne 2,72996
3721,701,Rēzekne 2,72999
3721,701,Rēzekne 2,73104
3721,701,Rēzekne 2,73108
3941,6402,Sloka,72250
3941,6404,Sloka,72252
3941,6406,Sloka,72256
3941,6408,Sloka,72260
3941,6410,Sloka,72264
3941,6412,Sloka,72266
3941,6414,Sloka,72268
3941,6416,Sloka,72272
3941,6418,Sloka,72274
3941,6420,Sloka,72276
3941,6422,Sloka,72281
3941,6424,Sloka,72283
3941,6426,Sloka,72285
3941,6428,Sloka,72288
3941,6430,Sloka,72293
3941,6432,Sloka,72297
3941,6434,Sloka,72300
3941,6436,Sloka,72302
3941,6438,Sloka,72306
3941,6440,Sloka,72309
3941,6442,Sloka,72311
3941,6444,Sloka,72543
3971,6502,Tukums 2,72241
3971,6506,Tukums 2,72243
3971,6508,Tukums 2,72244
3971,6512,Tukums 2,72251
3971,6514,Tukums 2,72254
3971,6516,Tukums 2,72258
3971,6518,Tukums 2,72262
3971,6520,Tukums 2,72270
3971,6522,Tukums 2,72278
3971,6524,Tukums 2,72287
3971,6526,Tukums 2,72290
3971,6528,Tukums 2,72295
3971,6530,Tukums 2,72298
3971,6532,Tukums 2,72304
3971,6534,Tukums 2,72307
3971,6536,Tukums 2,72313
3971,6538,Tukums 2,72316
3981,6107,Saulkrasti,72033
3981,6111,Saulkrasti,72035
3981,6127,Saulkrasti,72043
3981,6135,Saulkrasti,72063
3981,6143,Saulkrasti,72068
3981,6151,Saulkrasti,72072
3981,6157,Saulkrasti,72584
3981,6161,Saulkrasti,72077
3981,6161,Saulkrasti,73045
3981,6167,Saulkrasti,72080
3981,6167,Saulkrasti,73047
3991,6101,Skulte,72030
3991,6105,Skulte,72032
3991,6109,Skulte,72034
3991,6113,Skulte,72036
3991,6119,Skulte,72039
3991,6123,Skulte,72041
3991,6131,Skulte,72045
3991,6139,Skulte,72065
3991,6147,Skulte,72070
3991,6155,Skulte,72074
3991,6159,Skulte,72076
3991,6163,Skulte,72078
3991,6169,Skulte,72081
3991,6173,Skulte,72083
4081,831,Sigulda,71735
4081,833,Sigulda,71737
4081,835,Sigulda,72523
4081,837,Sigulda,71742
4081,839,Sigulda,71744
4081,841,Sigulda,71749
4081,843,Sigulda,71757
4081,845,Sigulda,71765
4081,847,Sigulda,71733
4321,861,Valmiera,71739
4321,863,Valmiera,71731
4321,865,Valmiera,71728
4321,867,Valmiera,71760
4321,867,Valmiera,71762
4461,805,Zilupe,71694
4461,815,Zilupe,71692
4601,871,Valga,71748
4601,873,Valga,71752
4601,875,Valga,71730
